2018:271:20:00:40 185.2711 -2.0274 184.9481 -2.1399
2018:271:20:03:07 185.1638 -1.9755 184.9498 -2.1406
2018:271:20:05:34 185.0565 -1.9237 184.9513 -2.1413
2018:271:20:08:01 184.9491 -1.8718 184.9528 -2.1420
2018:271:20:10:28 184.8416 -1.8200 184.9542 -2.1427
2018:271:20:12:56 184.7904 -1.9295 184.9556 -2.1434
2018:271:20:15:23 184.9006 -1.9828 184.9569 -2.1442
2018:271:20:17:50 185.0107 -2.0361 184.9581 -2.1449
2018:271:20:20:17 185.1208 -2.0893 184.9593 -2.1456
2018:271:20:22:44 185.2308 -2.1426 184.9605 -2.1463
2018:271:20:25:12 185.1794 -2.2521 184.9616 -2.1470
2018:271:20:27:39 185.0716 -2.2003 184.9627 -2.1477
2018:271:20:30:06 184.9638 -2.1484 184.9638 -2.1484
2018:271:20:32:33 184.8561 -2.0965 184.9649 -2.1491
2018:271:20:35:00 184.7483 -2.0447 184.9661 -2.1498
2018:271:20:37:28 184.6969 -2.1541 184.9672 -2.1505
2018:271:20:39:55 184.8070 -2.2074 184.9684 -2.1511
2018:271:20:42:22 184.9171 -2.2606 184.9697 -2.1518
2018:271:20:44:49 185.0272 -2.3138 184.9710 -2.1524
2018:271:20:47:16 185.1375 -2.3670 184.9723 -2.1531
2018:271:20:49:44 185.0863 -2.4764 184.9737 -2.1537
2018:271:20:52:11 184.9789 -2.4245 184.9752 -2.1543
2018:271:20:54:38 184.8715 -2.3725 184.9767 -2.1549
2018:271:20:57:05 184.7643 -2.3206 184.9783 -2.1556
2018:271:20:59:32 184.6571 -2.2686 184.9800 -2.1562
