2018:271:18:24:00 185.2105 -2.0013 184.8876 -2.1138
2018:271:18:26:27 185.1033 -1.9494 184.8892 -2.1145
2018:271:18:28:54 184.9959 -1.8976 184.8908 -2.1152
2018:271:18:31:21 184.8885 -1.8457 184.8923 -2.1159
2018:271:18:33:48 184.7811 -1.7939 184.8937 -2.1166
2018:271:18:36:16 184.7298 -1.9034 184.8950 -2.1173
2018:271:18:38:43 184.8400 -1.9567 184.8963 -2.1180
2018:271:18:41:10 184.9502 -2.0100 184.8976 -2.1188
2018:271:18:43:37 185.0602 -2.0632 184.8988 -2.1195
2018:271:18:46:04 185.1703 -2.1165 184.8999 -2.1202
2018:271:18:48:32 185.1188 -2.2260 184.9011 -2.1209
2018:271:18:50:59 185.0111 -2.1742 184.9022 -2.1216
2018:271:18:53:26 184.9033 -2.1223 184.9033 -2.1223
2018:271:18:55:53 184.7955 -2.0705 184.9044 -2.1230
2018:271:18:58:20 184.6878 -2.0186 184.9055 -2.1237
2018:271:19:00:48 184.6364 -2.1281 184.9067 -2.1244
2018:271:19:03:15 184.7464 -2.1813 184.9079 -2.1250
2018:271:19:05:42 184.8565 -2.2345 184.9091 -2.1257
2018:271:19:08:09 184.9667 -2.2877 184.9104 -2.1263
2018:271:19:10:36 185.0769 -2.3409 184.9118 -2.1270
2018:271:19:13:04 185.0258 -2.4503 184.9132 -2.1276
2018:271:19:15:31 184.9184 -2.3984 184.9147 -2.1282
2018:271:19:17:58 184.8110 -2.3465 184.9162 -2.1288
2018:271:19:20:25 184.7037 -2.2945 184.9178 -2.1295
2018:271:19:22:52 184.5965 -2.2426 184.9195 -2.1301
